thetaoff=0.000000e+00
percK2=0.000000e+00
Alpha_0=1.000000e-02
Alpha_1=1.000000e-02
Alpha_2=1.000000e-02
Alpha_3=1.000000e-02
K1_1=4.000000e+05
K1_2=6.000000e+04
K1_3=1.000000e+07
K1_4=0.000000e+00
Ms_1=6.000000e+05
Ms_2=6.000000e+05
Ms_3=6.000000e+02
Ms_4=0.000000e+00
lposz_1=0.000000e+00
lposz_2=6.000000e+00
lposz_3=1.200000e+01
lposz_4=0.000000e+00
jmin=-5.000000e+11
jmax=2.000000e+11
n=200
hzmin=0.000000e+00
hzmax=5.000000e+03
nfield=200
t_f=2.000000e-08
j_timdep_funs=1
hz_timdep_funs=1
dx=3.500000e+01
dy=3.500000e+01
temperature=0.000000e+00
initmag_x_1=0.000000e+00
initmag_x_2=0.000000e+00
initmag_x_3=0.000000e+00
initmag_x_4=0.000000e+00
initmag_y_1=1.000000e-02
initmag_y_2=1.000000e-02
initmag_y_3=0.000000e+00
initmag_y_4=0.000000e+00
initmag_z_1=9.900000e-01
initmag_z_2=9.900000e-01
initmag_z_3=1.000000e+00
initmag_z_4=0.000000e+00
dz_1=3.000000e+00
dz_2=3.000000e+00
dz_3=3.000000e+00
dz_4=0.000000e+00
polarisation_1=5.000000e-02
polarisation_2=3.500000e-01
polarisation_3=3.500000e-01
polarisation_4=3.000000e-01
layeren_1=1
layeren_2=1
layeren_3=1
layeren_4=0
layerfixed_1=0
layerfixed_2=0
layerfixed_3=1
layerfixed_4=0
numthreads=4
numFrames=50
af_bw_12=0.000000e+00
af_bw_13=0.000000e+00
af_bw_14=0.000000e+00
af_bw_23=0.000000e+00
af_bw_24=0.000000e+00
af_bw_34=0.000000e+00
t_relax=0.000000e+00
